[gd_scene load_steps=22 format=3 uid="uid://dxnuoo5w863ys"]

[ext_resource type="Script" path="res://scripts/LevelInfo.gd" id="1_svp2u"]
[ext_resource type="PackedScene" uid="uid://bjhp0xarpd1sm" path="res://prefabs/level_controller.tscn" id="2_k8oba"]
[ext_resource type="Script" path="res://scripts/Goal.gd" id="3_uycm3"]
[ext_resource type="PackedScene" uid="uid://b41b30lrlc88h" path="res://prefabs/vehicle.tscn" id="4_t50f2"]
[ext_resource type="MeshLibrary" uid="uid://8cjh23xm2taa" path="res://prefabs/mesh_library.tres" id="5_gqdvq"]
[ext_resource type="PackedScene" uid="uid://vfslyt4kcmtt" path="res://prefabs/props/death_plane.tscn" id="6_sillu"]
[ext_resource type="PackedScene" uid="uid://dvks3301yvlb" path="res://prefabs/props/random_vehicle.tscn" id="7_k54xb"]
[ext_resource type="PackedScene" uid="uid://k5emosfsos2t" path="res://prefabs/world_environment.tscn" id="8_k81mf"]
[ext_resource type="PackedScene" uid="uid://eju6qkskvogc" path="res://prefabs/camera..tscn" id="9_imk0y"]
[ext_resource type="PackedScene" uid="uid://bq37mtd8wd0sx" path="res://prefabs/props/nails.tscn" id="10_noh3r"]
[ext_resource type="PackedScene" uid="uid://dpf48o4nxu3iu" path="res://prefabs/props/sandpile.tscn" id="11_ayd6g"]
[ext_resource type="PackedScene" uid="uid://60oriymnqdnt" path="res://prefabs/props/fence.tscn" id="12_ri0vl"]
[ext_resource type="PackedScene" uid="uid://byl1aft2hv7np" path="res://prefabs/props/cone.tscn" id="13_sgj6l"]
[ext_resource type="PackedScene" uid="uid://edmdftvfgf6e" path="res://prefabs/props/bush.tscn" id="14_7aajk"]
[ext_resource type="PackedScene" uid="uid://ba812tmbkf8xy" path="res://prefabs/props/umbrella.tscn" id="15_ixycx"]
[ext_resource type="PackedScene" uid="uid://bowh7fh3teioj" path="res://prefabs/props/chair.tscn" id="16_ukcda"]
[ext_resource type="PackedScene" uid="uid://5qk1bvhd17dt" path="res://prefabs/props/tree.tscn" id="17_mp6jf"]

[sub_resource type="Resource" id="Resource_l1emk"]
script = ExtResource("1_svp2u")
level_name = "Right there"
medal_times = Array[float]([75.0, 60.0, 40.0])
level_path = ""

[sub_resource type="BoxShape3D" id="BoxShape3D_5fmg0"]
size = Vector3(2, 4, 3)

[sub_resource type="StandardMaterial3D" id="StandardMaterial3D_6ex22"]
transparency = 4
depth_draw_mode = 2
shading_mode = 0
albedo_color = Color(0, 0.937255, 0, 0.494118)
heightmap_scale = 0.0
disable_receive_shadows = true

[sub_resource type="BoxMesh" id="BoxMesh_ltvxh"]
size = Vector3(2, 1, 3)

[node name="Level" type="Node3D"]
metadata/level_info = SubResource("Resource_l1emk")

[node name="LevelController" parent="." instance=ExtResource("2_k8oba")]

[node name="Goal" type="Area3D" parent="LevelController"]
transform = Transform3D(-1, 0, -8.74228e-08, 0, 1, 0, 8.74228e-08, 0, -1, -31.1601, 2.85525, 5.97867)
collision_layer = 2
collision_mask = 3
script = ExtResource("3_uycm3")

[node name="CollisionShape3D" type="CollisionShape3D" parent="LevelController/Goal"]
shape = SubResource("BoxShape3D_5fmg0")

[node name="MeshInstance3D" type="MeshInstance3D" parent="LevelController/Goal"]
material_override = SubResource("StandardMaterial3D_6ex22")
mesh = SubResource("BoxMesh_ltvxh")

[node name="Vehicle" parent="LevelController" instance=ExtResource("4_t50f2")]
transform = Transform3D(1, 0, -1.77636e-13, 0, 1, 0, 1.77636e-13, 0, 1, -30.9454, 2.70112, -7.65969)

[node name="GridMap" type="GridMap" parent="LevelController"]
transform = Transform3D(0.999332, 0, 0, 0, 0.999332, 0, 0, 0, 0.999332, 0, 0, 0)
mesh_library = ExtResource("5_gqdvq")
cell_size = Vector3(2.5, 2.5, 2.5)
data = {
"cells": PackedInt32Array(65533, 5, 655381, 65534, 5, 655381, 65534, 6, 655381, 65531, 5, 655381, 65535, 6, 655381, 65535, 5, 655381, 65527, 4, 655373, 65527, 3, 655373, 65527, 2, 655373, 65527, 1, 655373, 65527, 0, 655373, 65527, 65535, 655373, 65527, 65534, 655373, 65527, 65533, 655373, 65527, 65532, 655373, 65527, 65531, 655373, 65527, 65530, 655373, 65528, 65530, 1441814, 65529, 65530, 1441812, 65530, 65530, 1441812, 65531, 65530, 1441812, 65532, 65530, 1441812, 65533, 65530, 1441812, 65534, 65530, 1441812, 65535, 65530, 1441812, 65535, 65529, 1048589, 0, 65530, 1441812, 0, 65529, 1048589, 1, 65530, 1441812, 2, 65530, 1441812, 3, 65530, 1441812, 4, 65530, 1441812, 5, 65530, 1441812, 6, 65530, 1441812, 6, 65531, 21, 6, 65532, 21, 6, 65533, 21, 6, 65534, 655381, 6, 65535, 655381, 6, 0, 655381, 5, 0, 655381, 5, 1, 655381, 5, 2, 655381, 6, 2, 655381, 6, 3, 655381, 6, 4, 655381, 6, 5, 21, 6, 6, 21, 5, 6, 21, 4, 6, 21, 3, 6, 21, 2, 6, 21, 1, 6, 655381, 0, 6, 655381, 65533, 6, 655381, 65532, 6, 655381, 65531, 6, 655381, 65530, 6, 655381, 65529, 6, 655381, 65528, 6, 20, 65528, 5, 20, 65527, 5, 655373, 65527, 6, 655373, 65527, 7, 655373, 65528, 7, 22, 65529, 7, 1048596, 65530, 7, 1048596, 65531, 7, 1048596, 65532, 7, 1048596, 65533, 7, 1048596, 65534, 7, 1048596, 65535, 7, 1048596, 0, 7, 1048596, 1, 7, 1048596, 2, 7, 1048596, 3, 7, 1048596, 3, 8, 1441805, 4, 8, 1441805, 5, 8, 1441805, 6, 8, 1441805, 6, 7, 1048596, 7, 8, 1441805, 7, 7, 1048596, 8, 8, 1441805, 9, 8, 1441805, 10, 8, 1441805, 10, 7, 1048598, 10, 6, 655380, 10, 5, 655380, 10, 4, 655380, 10, 3, 655380, 10, 2, 655380, 10, 1, 655380, 10, 0, 655380, 10, 65535, 655380, 11, 65535, 13, 11, 65534, 13, 11, 65533, 13, 11, 65532, 13, 11, 65531, 13, 10, 65531, 655380, 10, 65532, 655380, 10, 65533, 655380, 10, 65534, 655380, 10, 65530, 655382, 10, 65529, 1048589, 11, 65529, 1048588, 11, 65528, 1441798, 10, 65528, 1441798, 9, 65528, 1441798, 8, 65528, 1441798, 7, 65528, 1441798, 6, 65528, 1441798, 5, 65528, 1441798, 4, 65528, 1441798, 3, 65528, 1441798, 2, 65528, 1441798, 1, 65528, 1441798, 0, 65528, 1441798, 65535, 65528, 1441798, 65534, 65528, 1441798, 65533, 65528, 1441798, 65533, 65529, 1048589, 65532, 65528, 1441798, 65531, 65528, 1441798, 65530, 65528, 1441798, 65529, 65528, 1441798, 65528, 65528, 1441798, 65527, 65528, 1441798, 65527, 65529, 655372, 65526, 65529, 6, 65526, 65528, 1048583, 65526, 65530, 6, 65526, 65531, 6, 65526, 65532, 6, 65526, 65533, 6, 65526, 65534, 6, 65526, 65535, 6, 65526, 0, 6, 65526, 1, 6, 65526, 2, 6, 65526, 3, 6, 65526, 4, 6, 65526, 5, 6, 65526, 6, 6, 65526, 7, 6, 65526, 8, 6, 65527, 8, 1441804, 65528, 8, 1441805, 65529, 8, 1441805, 65530, 8, 1441805, 65531, 8, 1441805, 65532, 8, 1441805, 65533, 8, 1441805, 65534, 8, 1441805, 65535, 8, 1441805, 0, 8, 1441805, 1, 8, 1441805, 2, 8, 1441805, 9, 7, 1048596, 9, 6, 21, 9, 4, 1048597, 9, 3, 1048597, 9, 2, 1048597, 9, 1, 1048597, 9, 0, 1048597, 9, 65535, 1048597, 9, 65534, 655381, 9, 65533, 21, 9, 65532, 21, 9, 65531, 21, 9, 65530, 1441812, 8, 65530, 1441812, 8, 65529, 1048589, 7, 65529, 1048589, 6, 65529, 1048589, 5, 65529, 1048589, 4, 65529, 1048589, 3, 65529, 1048589, 2, 65529, 1048589, 1, 65529, 1048589, 9, 65529, 1048589, 65534, 65529, 1048589, 65532, 65529, 1048589, 65531, 65529, 1048589, 65530, 65529, 1048589, 65529, 65529, 1048589, 65528, 65529, 1048589, 65528, 65531, 20, 65528, 65532, 20, 65528, 65533, 20, 65528, 65534, 20, 65528, 65535, 20, 65528, 0, 20, 65528, 1, 20, 65528, 2, 20, 65528, 3, 20, 65528, 4, 20, 11, 0, 13, 11, 1, 13, 11, 2, 13, 11, 3, 13, 11, 4, 13, 11, 5, 13, 11, 6, 13, 11, 7, 13, 11, 8, 12, 8, 65531, 21, 8, 65532, 21, 8, 65533, 21, 7, 65533, 21, 7, 65534, 655381, 7, 65535, 655381, 7, 0, 655381, 7, 1, 655381, 7, 2, 655381, 7, 3, 655381, 7, 4, 655381, 7, 5, 21, 8, 5, 21, 8, 6, 21, 8, 7, 1048596, 9, 5, 21, 5, 7, 1048596, 4, 7, 1048596, 7, 6, 21, 8, 4, 655381, 8, 3, 655381, 8, 2, 655381, 8, 1, 655381, 8, 0, 655381, 8, 65535, 655381, 8, 65534, 655381, 6, 1, 655381, 7, 65532, 21, 7, 65531, 21, 7, 65530, 1441812, 5, 65531, 21, 4, 65531, 21, 3, 65531, 21, 2, 65531, 21, 1, 65531, 655381, 0, 65531, 655381, 0, 65532, 655381, 65535, 65532, 655381, 65534, 65532, 655381, 65533, 65532, 655381, 65532, 65532, 655381, 65531, 65532, 655381, 65530, 65532, 655381, 65530, 65531, 655381, 65529, 65531, 655381, 65531, 65531, 655381, 65532, 65531, 655381, 65533, 65531, 655381, 65534, 65531, 655381, 65535, 65531, 655381, 1, 65532, 655381, 2, 65532, 21, 5, 65533, 21, 4, 65533, 21, 3, 65533, 21, 2, 65533, 21, 3, 65532, 21, 4, 65532, 21, 5, 65532, 21, 1, 65533, 655381, 5, 65534, 655381, 5, 65535, 655381, 4, 65534, 655381, 3, 65534, 655381, 4, 65535, 655381, 2, 65534, 655381, 3, 65535, 655381, 4, 0, 655381, 3, 0, 655381, 4, 1, 655381, 5, 3, 655381, 2, 65535, 655381, 2, 0, 655381, 3, 1, 655381, 4, 2, 655381, 4, 3, 655381, 5, 4, 655381, 3, 2, 21, 5, 5, 21, 4, 4, 655381, 4, 5, 21, 3, 5, 21, 2, 5, 21, 1, 5, 655381, 65530, 5, 655381, 65529, 5, 655381, 65532, 5, 655381, 65534, 4, 655381, 65535, 4, 655381, 0, 4, 655381, 1, 4, 655381, 0, 5, 655381, 2, 4, 655381, 3, 4, 655381, 2, 3, 655381, 3, 3, 655381, 2, 2, 21, 1, 3, 655381, 65533, 4, 655381, 65532, 4, 655381, 65531, 4, 655381, 65530, 4, 655381, 65529, 4, 655381, 65529, 3, 655381, 65529, 2, 655381, 65529, 1, 655381, 65529, 0, 655381, 65529, 65535, 655381, 65529, 65534, 655381, 65529, 65533, 655381, 65529, 65532, 655381, 65530, 65533, 655381, 65530, 65534, 655381, 65530, 65535, 655381, 65530, 0, 655381, 65530, 1, 655381, 65530, 2, 655381, 65531, 2, 655381, 65531, 1, 655381, 65531, 0, 655381, 65531, 65535, 655381, 65531, 65534, 655381, 65531, 65533, 655381, 65532, 65535, 655381, 65532, 0, 655381, 65533, 1, 655381, 65534, 1, 655381, 65534, 0, 655381, 65535, 0, 655381, 65535, 65535, 655381, 65535, 65534, 655381, 65534, 65534, 655381, 65533, 65534, 655381, 65532, 65534, 655381, 65535, 65533, 655381, 0, 65533, 655381, 65534, 65533, 655381, 65533, 65533, 655381, 1, 65534, 655381, 0, 65534, 655381, 0, 65535, 655381, 1, 65535, 655381, 1, 0, 655381, 0, 0, 655381, 65533, 0, 655381, 1, 1, 21, 0, 1, 655381, 65535, 1, 655381, 65535, 2, 655381, 0, 2, 655381, 1, 2, 21, 65535, 3, 655381, 65534, 3, 655381, 65533, 3, 655381, 0, 3, 655381, 65532, 3, 655381, 65531, 3, 655381, 65530, 3, 655381, 65533, 2, 655381, 65534, 2, 655381, 65532, 1, 655381, 65532, 2, 655381, 65533, 65535, 655381, 65534, 65535, 655381, 65532, 65533, 655381, 65527, 65527, 1441797, 65528, 65527, 1441797, 65529, 65527, 1441797, 65530, 65527, 1441797, 65531, 65527, 1441797, 65532, 65527, 1441797, 65533, 65527, 1441797, 65534, 65527, 1441797, 65535, 65527, 1441797, 0, 65527, 1441797, 1, 65527, 1441797, 2, 65527, 1048581, 3, 65527, 1048581, 4, 65527, 1048581, 5, 65527, 1048581, 6, 65527, 1048581, 7, 65527, 1048581, 65527, 65526, 1048582, 65528, 65526, 1048582, 65529, 65526, 1048582, 65529, 65525, 1441805, 65530, 65525, 1441805, 65531, 65525, 1441805, 65532, 65525, 1441805, 65533, 65525, 1441805, 65531, 65526, 1048582, 65530, 65526, 1048582, 65532, 65526, 1048582, 65533, 65526, 1048582, 65534, 65526, 1048582, 65535, 65526, 1048582, 0, 65526, 1048582, 1, 65526, 1048582, 2, 65526, 1048582, 3, 65526, 1048582, 4, 65526, 1048582, 5, 65526, 1048582, 6, 65526, 1048582, 7, 65526, 1048582, 8, 65526, 1048582, 9, 65526, 1048582, 11, 65530, 13, 10, 65526, 1048582, 11, 65526, 1048582, 12, 65529, 655366, 12, 65530, 655366, 12, 65531, 655366, 12, 65532, 655366, 12, 65533, 655366, 12, 65534, 655366, 12, 65535, 655366, 12, 0, 655366, 12, 1, 655366, 12, 2, 655366, 12, 3, 655366, 12, 4, 655366, 8, 65527, 1048581, 9, 65527, 1048581, 10, 65527, 1048581, 11, 65527, 1048581, 13, 65528, 655367, 13, 65529, 1441799, 13, 65530, 5, 13, 65531, 655365, 13, 65532, 655365, 13, 65533, 655365, 13, 65534, 655365, 13, 65535, 655365, 13, 0, 5, 13, 1, 5, 13, 2, 5, 13, 3, 5, 13, 4, 5, 12, 65527, 655367, 12, 65526, 1441799, 13, 65526, 1048583, 14, 65527, 7, 14, 65528, 7, 14, 65529, 6, 14, 65530, 6, 14, 65531, 6, 14, 65532, 6, 14, 65533, 6, 15, 65528, 1441798, 15, 65526, 1048582, 14, 65525, 6, 12, 65525, 655366, 12, 65524, 655366, 12, 65523, 655366, 12, 65522, 655366, 14, 65524, 6, 14, 65523, 6, 14, 65522, 6, 16, 65526, 1048582, 17, 65526, 1048582, 16, 65528, 1441798, 17, 65528, 1441798, 15, 65529, 655372, 15, 65525, 1441804, 11, 65525, 12, 12, 65528, 655367, 13, 65527, 655367, 14, 65526, 1048583, 13, 65525, 655365, 13, 65524, 5, 13, 65523, 5, 13, 65522, 5, 15, 65527, 1048581, 16, 65527, 1441797, 17, 65527, 1441797, 10, 65525, 1441805, 9, 65525, 1441805, 8, 65525, 1441805, 7, 65525, 1441805, 6, 65525, 1441805, 5, 65525, 1441805, 4, 65525, 1441805, 3, 65525, 1441805, 2, 65525, 1441805, 1, 65525, 1441805, 0, 65525, 1441805, 65535, 65525, 1441805, 65534, 65525, 1441805, 65528, 65525, 1441805, 65527, 65525, 1441804, 17, 5, 655381, 17, 4, 655381, 17, 3, 655381, 17, 2, 655381, 17, 1, 655381, 17, 0, 655381, 17, 65535, 655381, 17, 65534, 655381, 17, 65533, 655381, 17, 65532, 655381, 17, 65531, 655381, 17, 65530, 1441812, 17, 65529, 1048589, 16, 5, 20, 16, 4, 20, 16, 3, 20, 16, 2, 20, 16, 1, 20, 16, 0, 20, 16, 65535, 20, 16, 65534, 20, 16, 65533, 20, 16, 65532, 20, 16, 65531, 20, 16, 65530, 1441814, 16, 65529, 1048589, 15, 5, 655373, 15, 4, 655373, 15, 3, 655373, 15, 2, 655373, 15, 1, 655373, 15, 0, 655373, 15, 65535, 655373, 15, 65534, 655373, 15, 65533, 655373, 15, 65532, 655373, 15, 65531, 655373, 15, 65530, 655373, 65523, 65525, 12, 65523, 65526, 1048582, 65523, 65527, 1441797, 65523, 65528, 1441798, 65523, 65529, 1048588, 65524, 65525, 655366, 65524, 65526, 655367, 65524, 65527, 655367, 65524, 65528, 1441799, 65524, 65529, 655366, 65525, 65525, 1048583, 65525, 65526, 7, 65525, 65527, 7, 65525, 65528, 1441799, 65525, 65529, 5, 65526, 65525, 6, 65526, 65526, 7, 65526, 65527, 7, 65522, 65530, 655376, 65523, 8, 12, 65523, 9, 1048582, 65523, 10, 1441797, 65523, 11, 1441798, 65523, 12, 1048588, 65524, 8, 655366, 65524, 9, 655367, 65524, 10, 655367, 65524, 11, 1441799, 65524, 12, 655366, 65525, 8, 1048583, 65525, 9, 7, 65525, 10, 7, 65525, 11, 1441799, 65525, 12, 5, 65526, 9, 7, 65526, 10, 7, 65526, 11, 1048583, 65526, 12, 6, 65526, 13, 6, 65526, 14, 6, 65526, 15, 6, 65527, 9, 1048582, 65527, 10, 1441797, 65527, 11, 1441798, 65527, 12, 655372, 65527, 13, 655373, 65527, 14, 655373, 65527, 15, 655373, 65528, 9, 1048582, 65528, 10, 1441797, 65528, 11, 1441798, 65528, 12, 1048589, 65528, 13, 1441814, 65528, 14, 20, 65528, 15, 20, 65529, 9, 1048582, 65529, 10, 1441797, 65529, 11, 1441798, 65529, 12, 1048589, 65529, 13, 1441812, 65529, 14, 655381, 65529, 15, 655381, 65530, 9, 1048582, 65530, 10, 1441797, 65530, 11, 1441798, 65530, 12, 1048589, 65530, 13, 1441812, 65530, 14, 655381, 65530, 15, 655381, 65531, 9, 1048582, 65531, 10, 1441797, 65531, 11, 1441798, 65531, 12, 1048589, 65531, 13, 1441812, 65531, 14, 655381, 65531, 15, 655381, 65532, 9, 1048582, 65532, 10, 1441797, 65532, 11, 1441798, 65532, 12, 1048589, 65532, 13, 1441812, 65532, 14, 655381, 65532, 15, 655381, 65533, 9, 1048582, 65533, 10, 1441797, 65533, 11, 1441798, 65533, 12, 1048589, 65533, 13, 1441812, 65533, 14, 655381, 65533, 15, 655381, 65534, 9, 1048582, 65534, 10, 1441797, 65534, 11, 1441798, 65534, 12, 1048589, 65534, 13, 1441812, 65534, 14, 655381, 65534, 15, 655381, 65535, 9, 1048582, 65535, 10, 1441797, 65535, 11, 1441798, 65535, 12, 1048589, 65535, 13, 1441812, 65535, 14, 655381, 65535, 15, 655381, 0, 9, 1048582, 0, 10, 1441797, 0, 11, 1441798, 0, 12, 1048589, 0, 13, 1441812, 0, 14, 655381, 0, 15, 655381, 1, 9, 1048582, 1, 10, 1441797, 1, 11, 1441798, 1, 12, 1048589, 1, 13, 1441812, 1, 14, 655381, 1, 15, 655381, 2, 9, 1048582, 2, 10, 1048581, 2, 11, 1441798, 2, 12, 1048589, 2, 13, 1441812, 2, 14, 21, 2, 15, 21, 3, 9, 1048582, 3, 10, 1048581, 3, 11, 1441798, 3, 12, 1048589, 3, 13, 1441812, 3, 14, 21, 3, 15, 21, 4, 9, 1048582, 4, 10, 1048581, 4, 11, 1441798, 4, 12, 1048589, 4, 13, 1441812, 4, 14, 21, 4, 15, 21, 5, 9, 1048582, 5, 10, 1048581, 5, 11, 1441798, 5, 12, 1048589, 5, 13, 1441812, 5, 14, 21, 5, 15, 21, 6, 9, 1048582, 6, 10, 1048581, 6, 11, 1441798, 6, 12, 1048589, 6, 13, 1441812, 6, 14, 21, 6, 15, 21, 7, 9, 1048582, 7, 10, 1048581, 7, 11, 1441798, 7, 12, 1048589, 7, 13, 1441812, 7, 14, 21, 7, 15, 21, 8, 9, 1048582, 8, 10, 1048581, 8, 11, 1441798, 8, 12, 1048589, 8, 13, 1441812, 8, 14, 21, 8, 15, 21, 9, 9, 1048582, 9, 10, 1048581, 9, 11, 1441798, 9, 12, 1048589, 9, 13, 1441812, 9, 14, 21, 9, 15, 21, 10, 9, 1048582, 10, 10, 1048581, 10, 11, 1441798, 10, 12, 1048589, 10, 13, 655382, 10, 14, 655380, 10, 15, 655380, 11, 9, 1048582, 11, 10, 1048581, 11, 11, 1441798, 11, 12, 1048588, 11, 13, 13, 11, 14, 13, 11, 15, 13, 12, 8, 655366, 12, 9, 1441799, 12, 10, 655367, 12, 11, 655367, 12, 12, 655366, 12, 13, 655366, 12, 14, 655366, 12, 15, 655366, 13, 8, 655365, 13, 9, 1048583, 13, 10, 655367, 13, 11, 655367, 13, 12, 1441799, 13, 13, 5, 13, 14, 655365, 13, 15, 655365, 14, 8, 6, 14, 9, 1048583, 14, 10, 7, 14, 11, 7, 14, 12, 6, 14, 13, 6, 14, 14, 6, 14, 15, 6, 15, 8, 1441804, 15, 9, 1048582, 15, 10, 1048581, 15, 11, 1441798, 15, 12, 655372, 15, 13, 655373, 15, 14, 655373, 15, 15, 655373, 16, 9, 1048582, 16, 10, 1441797, 16, 11, 1441798, 16, 12, 1048589, 16, 13, 1441814, 16, 15, 20, 17, 9, 1048582, 17, 10, 1441797, 17, 11, 1441798, 17, 12, 1048589, 17, 13, 1441812, 65523, 7, 13, 65524, 7, 655366, 65525, 7, 655365, 65523, 6, 1048588, 65524, 6, 655366, 65525, 6, 5, 65523, 5, 655366, 65524, 5, 7, 65525, 5, 5, 65523, 4, 655366, 65524, 4, 655366, 65525, 4, 5, 65523, 3, 655366, 65524, 3, 655366, 65525, 3, 5, 65523, 2, 655366, 65524, 2, 7, 65525, 2, 5, 65523, 1, 655366, 65524, 1, 655366, 65525, 1, 5, 65522, 65529, 1048589, 65525, 65530, 655365, 65524, 65530, 655366, 65523, 65530, 13, 65525, 65531, 655365, 65524, 65531, 655366, 65523, 65531, 12, 65522, 65531, 1048590, 65525, 65532, 655365, 65524, 65532, 655367, 65523, 65532, 655366, 65522, 65532, 13, 65525, 65533, 655365, 65524, 65533, 655366, 65523, 65533, 655366, 65522, 65533, 13, 65525, 65534, 655365, 65524, 65534, 655366, 65523, 65534, 655366, 65522, 65534, 13, 65525, 65535, 655365, 65524, 65535, 7, 65523, 65535, 655366, 65522, 65535, 13, 65525, 0, 5, 65524, 0, 655366, 65523, 0, 655366, 65522, 0, 13, 65522, 1, 13, 14, 65535, 6, 14, 0, 6, 14, 1, 6, 14, 2, 6, 14, 3, 6, 14, 4, 6, 14, 5, 6, 13, 5, 5, 12, 5, 655366, 16, 6, 20, 15, 6, 655373, 14, 6, 6, 13, 6, 5, 12, 6, 655366, 16, 7, 22, 15, 7, 655373, 14, 7, 6, 13, 7, 5, 12, 7, 655366, 16, 8, 1441805, 14, 65534, 6, 65524, 65524, 655366, 65523, 65524, 13, 65522, 12, 1048589, 65522, 11, 1441798, 65522, 10, 1048581, 65522, 9, 1048582, 65522, 8, 1441805, 65522, 7, 1048592, 65522, 6, 655374, 65522, 5, 13, 65522, 4, 13, 65522, 3, 13, 65522, 2, 13, 65522, 65528, 1441798, 65522, 65527, 1048581, 65522, 65526, 1048582, 65522, 65525, 1441805, 65522, 65524, 1048598, 65521, 12, 1048589, 65521, 11, 1441798, 65521, 10, 1048581, 65521, 9, 1048582, 65521, 8, 1441805, 65521, 7, 1048598, 65521, 6, 655380, 65521, 5, 655380, 65521, 4, 655380, 65521, 3, 655380, 65521, 2, 655380, 65521, 1, 655380, 65521, 0, 655380, 65521, 65535, 655380, 65521, 65534, 655380, 65521, 65533, 655380, 65521, 65532, 655380, 65521, 65531, 655380, 65521, 65530, 655382, 65521, 65529, 1048589, 65521, 65528, 1441798, 65521, 65527, 1048581, 65521, 65526, 1048582, 65521, 65525, 1441805, 65521, 65524, 1048596, 65520, 12, 1048589, 65520, 11, 1441798, 65520, 10, 1048581, 65520, 9, 1048582, 65520, 8, 1441805, 65520, 7, 1048596, 65520, 6, 21, 65520, 5, 21, 65520, 4, 21, 65520, 3, 21, 65520, 2, 21, 65520, 1, 21, 65520, 0, 21, 65520, 65535, 21, 65520, 65534, 21, 65520, 65533, 21, 65520, 65532, 21, 65520, 65531, 21, 65520, 65530, 1441812, 65520, 65529, 1048589, 65520, 65528, 1441798, 65520, 65527, 1048581, 65520, 65526, 1048582, 65520, 65525, 1441805, 65520, 65524, 1048596, 16, 65525, 1441805, 17, 65525, 1441805, 17, 6, 655381, 17, 7, 1048596, 17, 8, 1441805, 18, 65525, 1441805, 18, 65526, 1048582, 18, 65527, 1441797, 18, 65528, 1441798, 18, 65529, 1048589, 18, 65530, 1441812, 18, 65531, 655381, 18, 65532, 655381, 18, 65533, 655381, 18, 65534, 655381, 18, 65535, 655381, 18, 0, 655381, 18, 1, 655381, 18, 2, 655381, 18, 3, 655381, 18, 4, 655381, 18, 5, 655381, 18, 6, 655381, 18, 7, 1048596, 18, 8, 1441805, 18, 9, 1048582, 18, 10, 1441797, 18, 11, 1441798, 18, 12, 1048589, 18, 13, 1441812, 65522, 13, 655382, 65522, 14, 655380, 65522, 15, 655380, 65523, 13, 13, 65523, 14, 13, 65523, 15, 13, 65524, 13, 655366, 65524, 14, 655366, 65524, 15, 655366, 65525, 13, 655365, 65525, 14, 655365, 65525, 15, 655365, 65522, 65522, 655380, 65522, 65523, 655380, 65523, 65522, 13, 65523, 65523, 13, 65524, 65522, 655366, 65524, 65523, 655366, 65525, 65522, 5, 65525, 65523, 5, 65525, 65524, 655365, 65526, 65522, 6, 65526, 65523, 6, 65526, 65524, 6, 65527, 65522, 655373, 65527, 65523, 655373, 65527, 65524, 655373, 65528, 65522, 20, 65528, 65523, 20, 65528, 65524, 22, 65529, 65522, 655381, 65529, 65523, 655381, 65529, 65524, 1048596, 65530, 65522, 655381, 65530, 65523, 655381, 65530, 65524, 1048596, 65531, 65522, 655381, 65531, 65523, 655381, 65531, 65524, 1048596, 65532, 65522, 655381, 65532, 65523, 655381, 65532, 65524, 1048596, 65533, 65522, 655381, 65533, 65523, 655381, 65533, 65524, 1048596, 65534, 65522, 655381, 65534, 65523, 655381, 65534, 65524, 1048596, 65535, 65522, 655381, 65535, 65523, 655381, 65535, 65524, 1048596, 0, 65522, 655381, 0, 65523, 655381, 0, 65524, 1048596, 16, 65524, 22, 16, 65523, 20, 16, 65522, 20, 15, 65524, 655373, 15, 65523, 655373, 15, 65522, 655373, 11, 65524, 13, 11, 65523, 13, 11, 65522, 13, 10, 65524, 1048598, 10, 65523, 655380, 10, 65522, 655380, 9, 65524, 1048596, 9, 65523, 21, 9, 65522, 21, 8, 65524, 1048596, 8, 65523, 21, 8, 65522, 21, 7, 65524, 1048596, 7, 65523, 21, 7, 65522, 21, 6, 65524, 1048596, 6, 65523, 21, 6, 65522, 21, 5, 65524, 1048596, 5, 65523, 21, 5, 65522, 21, 4, 65524, 1048596, 4, 65523, 21, 4, 65522, 21, 3, 65524, 1048596, 3, 65523, 21, 3, 65522, 21, 2, 65524, 1048596, 2, 65523, 21, 2, 65522, 21, 131064, 65530, 1441810, 131064, 65524, 18, 131064, 7, 18, 65546, 7, 1048594, 65546, 65530, 655378, 131065, 65530, 1048595, 131066, 65530, 1048595, 131067, 65530, 1048595, 131068, 65530, 1048595, 131069, 65530, 1048595, 131070, 65530, 1048595, 131071, 65530, 1048595, 65536, 65530, 1048595, 65537, 65530, 1048595, 65538, 65530, 1048595, 65539, 65530, 1048595, 65540, 65530, 1048595, 65541, 65530, 1048595, 65542, 65530, 1048595, 65543, 65530, 1048595, 65544, 65530, 1048595, 65545, 65530, 1048595, 131064, 65531, 19, 131064, 65532, 19, 131064, 65533, 19, 131064, 65534, 19, 131064, 0, 19, 131064, 65535, 19, 131064, 1, 19, 131064, 2, 19, 131064, 3, 19, 131064, 6, 1048593, 131064, 4, 1441809, 65546, 6, 1048593, 65545, 7, 1048595, 65544, 7, 1048595, 65543, 7, 1048595, 65542, 7, 1048595, 65541, 7, 1048595, 65540, 7, 1048595, 65539, 7, 1048595, 65538, 7, 1048595, 65537, 7, 1048595, 65536, 7, 1048595, 131071, 7, 1048595, 131070, 7, 1048595, 131069, 7, 1048595, 131068, 7, 1048595, 131067, 7, 1048595, 131066, 7, 1048595, 131065, 7, 1048595, 65546, 65531, 1441809, 65546, 4, 1441809, 65546, 65533, 1048593, 65546, 65534, 19, 65546, 65535, 19, 65546, 0, 19, 65546, 1, 19, 65546, 2, 19, 65546, 3, 19, 2, 1, 21, 18, 65524, 1048596, 18, 65523, 655381, 18, 65522, 655381, 17, 65524, 1048596, 17, 65523, 655381, 17, 65522, 655381, 1, 65523, 21, 1, 65522, 21, 65521, 65523, 21, 65520, 65523, 21, 65520, 65522, 21, 65521, 65522, 21, 65521, 13, 1441812, 65520, 13, 1441812, 65521, 14, 1048597, 65520, 14, 1048597, 65521, 15, 1048597, 65520, 15, 1048597, 18, 14, 21, 16, 14, 20, 17, 14, 21, 17, 15, 21, 18, 15, 21, 1, 65524, 1048596, 65546, 65524, 1048594, 65552, 65524, 18, 65546, 65523, 19, 65546, 65522, 19, 65552, 65523, 19, 65552, 65522, 19, 65553, 65524, 1441811, 65554, 65524, 1441811, 131064, 65523, 655379, 131064, 65522, 655379, 131065, 65524, 1048595, 131066, 65524, 1048595, 131067, 65524, 1048595, 131068, 65524, 1048595, 131069, 65524, 1048595, 131070, 65524, 1048595, 131071, 65524, 1048595, 65536, 65524, 1048595, 65537, 65524, 1048595, 65538, 65524, 1048595, 65539, 65524, 1048595, 65540, 65524, 1048595, 65541, 65524, 1048595, 65542, 65524, 1048595, 65543, 65524, 1048595, 65544, 65524, 1048595, 65545, 65524, 1048595, 131060, 65535, 9, 131061, 65535, 9, 131062, 65535, 9, 131063, 65535, 9, 131058, 65535, 9, 131057, 65535, 9, 131056, 65535, 9, 131059, 65535, 9)
}
metadata/_editor_floor_ = Vector3(0, 1, 0)

[node name="DeathPlane" parent="LevelController" instance=ExtResource("6_sillu")]

[node name="PropVehicle" parent="LevelController" instance=ExtResource("7_k54xb")]
transform = Transform3D(0.0802337, 0, 0.996776, 0, 1, 0, -0.996776, 0, 0.0802337, -28.62, 2.9441, -11.8484)

[node name="PropVehicle2" parent="LevelController" instance=ExtResource("7_k54xb")]
transform = Transform3D(-0.572976, 0, -0.819572, 0, 1, 0, 0.819572, 0, -0.572976, -23.621, 2.9441, -18.063)

[node name="PropVehicle3" parent="LevelController" instance=ExtResource("7_k54xb")]
transform = Transform3D(0.996258, 0, -0.0864254, 0, 1, 0, 0.0864254, 0, 0.996258, 8.71994, 2.9441, -23.147)

[node name="PropVehicle9" parent="LevelController" instance=ExtResource("7_k54xb")]
transform = Transform3D(-0.739807, 0, 0.672819, 0, 1, 0, -0.672819, 0, -0.739807, 25.0072, 2.9441, -15.5308)

[node name="PropVehicle4" parent="LevelController" instance=ExtResource("7_k54xb")]
transform = Transform3D(-0.995938, 0, -0.0900417, 0, 1, 0, 0.0900417, 0, -0.995938, -5.00773, 2.9441, -19.5262)

[node name="PropVehicle5" parent="LevelController" instance=ExtResource("7_k54xb")]
transform = Transform3D(-0.00891845, 0, -0.99996, 0, 1, 0, 0.99996, 0, -0.00891845, -24.3397, 2.9441, 10.8927)

[node name="PropVehicle6" parent="LevelController" instance=ExtResource("7_k54xb")]
transform = Transform3D(0.87057, 0, -0.492044, 0, 1, 0, 0.492044, 0, 0.87057, -4.32319, 2.9441, 24.4821)

[node name="PropVehicle8" parent="LevelController" instance=ExtResource("7_k54xb")]
transform = Transform3D(0.763171, -0.000957254, 0.646196, 0.0592397, -0.995684, -0.0714382, 0.643476, 0.0928001, -0.75982, -7.42444, 3.52532, 22.0543)

[node name="PropVehicle7" parent="LevelController" instance=ExtResource("7_k54xb")]
transform = Transform3D(-0.530763, 0.847396, -0.0145034, 0.0102917, 0.0235558, 0.99967, 0.847458, 0.530439, -0.0212237, -4.97812, 3.22056, 27.3949)

[node name="WorldEnvironment" parent="LevelController" instance=ExtResource("8_k81mf")]

[node name="DirectionalLight3D2" type="DirectionalLight3D" parent="LevelController"]
transform = Transform3D(-0.932382, -0.215522, 0.290196, -0.0219785, 0.835129, 0.549615, -0.360805, 0.506073, -0.783396, 0, 5, 3.7)
light_energy = 3.051
shadow_enabled = true

[node name="Camera3D" parent="LevelController" instance=ExtResource("9_imk0y")]
transform = Transform3D(-1, 6.82274e-08, -5.46604e-08, 0, 0.625243, 0.78043, 8.74228e-08, 0.78043, -0.625243, -14.1213, 6.87575, 5.20523)
target_offset = Vector3(0, 8, -5)

[node name="nails" parent="LevelController" instance=ExtResource("10_noh3r")]
transform = Transform3D(0.0160215, 0, -0.999872, 0, 1, 0, 0.999872, 0, 0.0160215, -5.20849, 2.58442, 4.43178)

[node name="nails3" parent="LevelController" instance=ExtResource("10_noh3r")]
transform = Transform3D(0.0160215, 0, -0.999872, 0, 1, 0, 0.999872, 0, 0.0160215, -23.3668, 2.58275, -11.6934)

[node name="nails4" parent="LevelController" instance=ExtResource("10_noh3r")]
transform = Transform3D(0.901607, 0, -0.432558, 0, 1, 0, 0.432558, 0, 0.901607, -24.0598, 2.58275, -12.1444)

[node name="nails5" parent="LevelController" instance=ExtResource("10_noh3r")]
transform = Transform3D(0.983006, 0, 0.183574, 0, 1, 0, -0.183574, 0, 0.983006, -22.8322, 2.58275, -12.5105)

[node name="nails6" parent="LevelController" instance=ExtResource("10_noh3r")]
transform = Transform3D(0.0160215, 0, -0.999872, 0, 1, 0, 0.999872, 0, 0.0160215, 22.6942, 2.58275, -18.1411)

[node name="nails7" parent="LevelController" instance=ExtResource("10_noh3r")]
transform = Transform3D(0.901607, 0, -0.432558, 0, 1, 0, 0.432558, 0, 0.901607, 22.0012, 2.58275, -18.5922)

[node name="nails8" parent="LevelController" instance=ExtResource("10_noh3r")]
transform = Transform3D(0.983006, 0, 0.183574, 0, 1, 0, -0.183574, 0, 0.983006, 23.2288, 2.58275, -18.9582)

[node name="nails9" parent="LevelController" instance=ExtResource("10_noh3r")]
transform = Transform3D(-0.966538, 0, -0.256526, 0, 1, 0, 0.256526, 0, -0.966538, 21.7945, 2.58275, -20.083)

[node name="nails10" parent="LevelController" instance=ExtResource("10_noh3r")]
transform = Transform3D(-0.202514, 0, -0.97928, 0, 1, 0, 0.97928, 0, -0.202514, 22.0653, 2.58275, -20.8643)

[node name="nails11" parent="LevelController" instance=ExtResource("10_noh3r")]
transform = Transform3D(0.415075, 0, -0.909788, 0, 1, 0, 0.909788, 0, 0.415075, 22.7164, 2.58275, -19.7611)

[node name="SandPile" parent="LevelController" instance=ExtResource("11_ayd6g")]
transform = Transform3D(1, 0, 0, 0, 1, 0, 0, 0, 1, 30.9499, 2.39584, -32.1579)

[node name="SandPile2" parent="LevelController" instance=ExtResource("11_ayd6g")]
transform = Transform3D(0.724882, 0, -0.688873, 0, 1, 0, 0.688873, 0, 0.724882, 34.0599, 2.39584, -30.8846)

[node name="SandPile3" parent="LevelController" instance=ExtResource("11_ayd6g")]
transform = Transform3D(-0.728192, 0, 0.685374, 0, 1, 0, -0.685374, 0, -0.728192, -15.1806, 2.42238, 3.78283)

[node name="SandPile4" parent="LevelController" instance=ExtResource("11_ayd6g")]
transform = Transform3D(-0.0557169, 0, 0.998447, 0, 1, 0, -0.998447, 0, -0.0557169, -16.1651, 2.57524, 0.977433)

[node name="SandPile5" parent="LevelController" instance=ExtResource("11_ayd6g")]
transform = Transform3D(-0.728192, 0, 0.685374, 0, 1, 0, -0.685374, 0, -0.728192, 20.6585, 2.42238, -5.77094)

[node name="SandPile6" parent="LevelController" instance=ExtResource("11_ayd6g")]
transform = Transform3D(-0.0557169, 0, 0.998447, 0, 1, 0, -0.998447, 0, -0.0557169, 12.2562, 2.57524, -7.50267)

[node name="SandPile7" parent="LevelController" instance=ExtResource("11_ayd6g")]
transform = Transform3D(0.812704, 0, 0.582676, 0, 1, 0, -0.582676, 0, 0.812704, 12.3019, 2.65076, -10.46)

[node name="fence" parent="LevelController" instance=ExtResource("12_ri0vl")]
transform = Transform3D(0.0408468, 0, 0.999165, 0, 1, 0, -0.999165, 0, 0.0408468, 24.4687, 2.60923, -6.14548)

[node name="fence4" parent="LevelController" instance=ExtResource("12_ri0vl")]
transform = Transform3D(0.902555, 0, -0.430574, 0, 1, 0, 0.430574, 0, 0.902555, 23.181, 2.60923, -4.57941)

[node name="fence2" parent="LevelController" instance=ExtResource("12_ri0vl")]
transform = Transform3D(0.524313, 0, 0.851526, 0, 1, 0, -0.851526, 0, 0.524313, 22.0942, 2.60923, -8.0867)

[node name="fence5" parent="LevelController" instance=ExtResource("12_ri0vl")]
transform = Transform3D(0.970249, 0, -0.242108, 0, 1, 0, 0.242108, 0, 0.970249, 16.0209, 2.60923, 32.9732)

[node name="fence6" parent="LevelController" instance=ExtResource("12_ri0vl")]
transform = Transform3D(0.976054, 1.86265e-09, -0.21753, 0.0205205, 0.995541, 0.0920752, 0.21656, -0.0943342, 0.971701, 8.90346, 2.5487, 29.9137)

[node name="fence7" parent="LevelController" instance=ExtResource("12_ri0vl")]
transform = Transform3D(0.931641, 0, 0.363381, 0, 1, 0, -0.363381, 0, 0.931641, 16.2297, 2.49581, 29.0645)

[node name="fence9" parent="LevelController" instance=ExtResource("12_ri0vl")]
transform = Transform3D(-0.45055, 0, 0.892751, 0, 1, 0, -0.892751, 0, -0.45055, 11.0275, 2.49581, 26.8819)

[node name="fence8" parent="LevelController" instance=ExtResource("12_ri0vl")]
transform = Transform3D(-0.0453016, -0.413713, 0.90928, 0.994058, -0.10885, 0, 0.0989747, 0.903877, 0.416186, 14.4205, 2.82824, 26.742)

[node name="fence3" parent="LevelController" instance=ExtResource("12_ri0vl")]
transform = Transform3D(-0.0420849, 0, 0.999114, 0, 1, 0, -0.999114, 0, -0.0420849, 19.9539, 2.60923, -8.54758)

[node name="Node3D" parent="LevelController" instance=ExtResource("13_sgj6l")]
transform = Transform3D(1, 0, 0, 0, 1, 0, 0, 0, 1, 14.8313, 2.65131, -9.36811)

[node name="Node3D9" parent="LevelController" instance=ExtResource("13_sgj6l")]
transform = Transform3D(1, 0, 0, 0, 1, 0, 0, 0, 1, 14.9288, 2.65131, -7.01824)

[node name="Node3D2" parent="LevelController" instance=ExtResource("13_sgj6l")]
transform = Transform3D(1, 0, 0, 0, 1, 0, 0, 0, 1, 25.7683, 2.65131, -6.85319)

[node name="Node3D6" parent="LevelController" instance=ExtResource("13_sgj6l")]
transform = Transform3D(1, 0, 0, 0, 1, 0, 0, 0, 1, 15.3799, 2.65131, -10.253)

[node name="Node3D7" parent="LevelController" instance=ExtResource("13_sgj6l")]
transform = Transform3D(1, 0, 0, 0, 1, 0, 0, 0, 1, 15.9643, 2.65131, -11.0466)

[node name="Node3D8" parent="LevelController" instance=ExtResource("13_sgj6l")]
transform = Transform3D(1, 0, 0, 0, 1, 0, 0, 0, 1, 16.5364, 2.65131, -12.0516)

[node name="Node3D3" parent="LevelController" instance=ExtResource("13_sgj6l")]
transform = Transform3D(0.520965, 0, 0.853578, 0, 1, 0, -0.853578, 0, 0.520965, 26.9144, 2.65131, -6.83002)

[node name="Node3D4" parent="LevelController" instance=ExtResource("13_sgj6l")]
transform = Transform3D(0.944766, 0, 0.327746, 0, 1, 0, -0.327746, 0, 0.944766, 28.0017, 2.65131, -7.21266)

[node name="Node3D5" parent="LevelController" instance=ExtResource("13_sgj6l")]
transform = Transform3D(0.913886, 0, -0.405971, 0, 1, 0, 0.405971, 0, 0.913886, 28.6791, 2.65131, -7.73593)

[node name="Node3D10" parent="LevelController" instance=ExtResource("14_7aajk")]
transform = Transform3D(1, 0, 0, 0, 1, 0, 0, 0, 1, 24.0224, 2.61175, -12.0485)

[node name="Node3D11" parent="LevelController" instance=ExtResource("14_7aajk")]
transform = Transform3D(1, 0, 0, 0, 1, 0, 0, 0, 1, 17.111, 2.61175, -1.1147)

[node name="Node3D12" parent="LevelController" instance=ExtResource("14_7aajk")]
transform = Transform3D(1, 0, 0, 0, 1, 0, 0, 0, 1, 8.47894, 2.61175, -3.88341)

[node name="Node3D13" parent="LevelController" instance=ExtResource("14_7aajk")]
transform = Transform3D(0.519459, 0, -0.854495, 0, 1, 0, 0.854495, 0, 0.519459, 5.45782, 2.61175, -9.05952)

[node name="Node3D14" parent="LevelController" instance=ExtResource("14_7aajk")]
transform = Transform3D(0.519459, 0, -0.854495, 0, 1, 0, 0.854495, 0, 0.519459, 2.19583, 2.61175, -4.58717)

[node name="Node3D15" parent="LevelController" instance=ExtResource("14_7aajk")]
transform = Transform3D(0.519459, 0, -0.854495, 0, 1, 0, 0.854495, 0, 0.519459, 4.41318, 2.61175, 1.07234)

[node name="Node3D16" parent="LevelController" instance=ExtResource("14_7aajk")]
transform = Transform3D(0.921083, 0, -0.389365, 0, 1, 0, 0.389365, 0, 0.921083, 4.80208, 2.61175, 2.19328)

[node name="Node3D17" parent="LevelController" instance=ExtResource("14_7aajk")]
transform = Transform3D(0.921083, 0, -0.389365, 0, 1, 0, 0.389365, 0, 0.921083, 5.9109, 2.61175, 2.86131)

[node name="Node3D18" parent="LevelController" instance=ExtResource("14_7aajk")]
transform = Transform3D(0.921083, 0, -0.389365, 0, 1, 0, 0.389365, 0, 0.921083, 5.6861, 2.61175, 1.32418)

[node name="Node3D19" parent="LevelController" instance=ExtResource("15_ixycx")]
transform = Transform3D(1, 0, 0, 0, 1, 0, 0, 0, 1, 1.65556, 2.62611, -1.70447)

[node name="Node3D20" parent="LevelController" instance=ExtResource("16_ukcda")]
transform = Transform3D(-0.881683, 0, 0.471843, 0, 1, 0, -0.471843, 0, -0.881683, 1.48889, 2.82721, -2.28796)

[node name="Node3D21" parent="LevelController" instance=ExtResource("16_ukcda")]
transform = Transform3D(-0.988562, 0, -0.150812, 0, 1, 0, 0.150812, 0, -0.988562, 1.4593, 2.82721, -1.2498)

[node name="Node3D43" parent="LevelController" instance=ExtResource("15_ixycx")]
transform = Transform3D(-0.195176, 0, 0.980768, -0.0158845, 0.999869, -0.00316106, -0.98064, -0.0161959, -0.19515, 7.46046, 2.62407, 12.3214)

[node name="Node3D44" parent="LevelController" instance=ExtResource("16_ukcda")]
transform = Transform3D(-0.290685, 0, -0.956819, 0.0154966, 0.999869, -0.00470793, 0.956693, -0.0161959, -0.290647, 6.92073, 2.82963, 12.5955)

[node name="Node3D45" parent="LevelController" instance=ExtResource("16_ukcda")]
transform = Transform3D(0.340856, 0, -0.940116, 0.0152261, 0.999869, 0.00552048, 0.939992, -0.0161959, 0.340811, 7.9447, 2.82682, 12.4219)

[node name="Node3D46" parent="LevelController" instance=ExtResource("15_ixycx")]
transform = Transform3D(-0.195176, 0, 0.980768, -0.0158845, 0.999869, -0.00316106, -0.98064, -0.0161959, -0.19515, 11.0407, 2.62407, 10.5213)

[node name="Node3D47" parent="LevelController" instance=ExtResource("16_ukcda")]
transform = Transform3D(-0.290685, 0, -0.956819, 0.0154966, 0.999869, -0.00470793, 0.956693, -0.0161959, -0.290647, 10.5009, 2.82963, 10.7953)

[node name="Node3D48" parent="LevelController" instance=ExtResource("16_ukcda")]
transform = Transform3D(0.340856, 0, -0.940116, 0.0152261, 0.999869, 0.00552048, 0.939992, -0.0161959, 0.340811, 11.5249, 2.82682, 10.6217)

[node name="Node3D49" parent="LevelController" instance=ExtResource("15_ixycx")]
transform = Transform3D(0.842521, 0.0150871, 0.538453, -0.0158845, 0.999869, -0.00316106, -0.53843, -0.00588978, 0.84265, 9.25787, 2.62407, 8.72632)

[node name="Node3D50" parent="LevelController" instance=ExtResource("16_ukcda")]
transform = Transform3D(-0.996901, 0.0150871, -0.0772072, 0.0154966, 0.999869, -0.00470792, 0.0771261, -0.00588978, -0.997004, 8.8063, 2.82963, 8.32321)

[node name="Node3D51" parent="LevelController" instance=ExtResource("16_ukcda")]
transform = Transform3D(-0.751679, 0.0150871, -0.659357, 0.0152261, 0.999869, 0.00552048, 0.659354, -0.00588978, -0.75181, 9.34038, 2.82682, 9.21394)

[node name="Node3D52" parent="LevelController" instance=ExtResource("15_ixycx")]
transform = Transform3D(0.842521, 0.0150871, 0.538453, -0.0158845, 0.999869, -0.00316106, -0.53843, -0.00588978, 0.84265, 12.0232, 2.62407, 14.4291)

[node name="Node3D53" parent="LevelController" instance=ExtResource("16_ukcda")]
transform = Transform3D(-0.996901, 0.0150871, -0.0772072, 0.0154966, 0.999869, -0.00470792, 0.0771261, -0.00588978, -0.997004, 11.5716, 2.82963, 14.026)

[node name="Node3D54" parent="LevelController" instance=ExtResource("16_ukcda")]
transform = Transform3D(-0.751679, 0.0150871, -0.659357, 0.0152261, 0.999869, 0.00552048, 0.659354, -0.00588978, -0.75181, 12.1057, 2.82682, 14.9167)

[node name="Node3D55" parent="LevelController" instance=ExtResource("15_ixycx")]
transform = Transform3D(-0.517804, -0.00552154, 0.855481, -0.0158845, 0.999869, -0.00316106, -0.855352, -0.0152257, -0.517824, 14.0435, 2.62407, 12.011)

[node name="Node3D56" parent="LevelController" instance=ExtResource("16_ukcda")]
transform = Transform3D(0.052886, -0.00552154, -0.998585, 0.0154966, 0.999869, -0.00470792, 0.99848, -0.0152257, 0.0529647, 13.6295, 2.82963, 12.4526)

[node name="Node3D57" parent="LevelController" instance=ExtResource("16_ukcda")]
transform = Transform3D(0.640899, -0.00552154, -0.767606, 0.0152261, 0.999869, 0.00552048, 0.767474, -0.0152257, 0.640899, 14.5329, 2.82682, 11.9403)

[node name="Node3D22" parent="LevelController" instance=ExtResource("15_ixycx")]
transform = Transform3D(-0.326542, 0, 0.945183, 0, 1, 0, -0.945183, 0, -0.326542, 8.27135, 2.62611, 2.41582)

[node name="Node3D23" parent="LevelController" instance=ExtResource("16_ukcda")]
transform = Transform3D(-0.158072, 0, -0.987428, 0, 1, 0, 0.987428, 0, -0.158072, 7.77428, 2.82721, 2.76389)

[node name="Node3D24" parent="LevelController" instance=ExtResource("16_ukcda")]
transform = Transform3D(0.465352, 0, -0.885126, 0, 1, 0, 0.885126, 0, 0.465352, 8.76519, 2.82721, 2.45285)

[node name="Node3D25" parent="LevelController" instance=ExtResource("17_mp6jf")]
transform = Transform3D(-0.708709, 0, 0.7055, 0, 1, 0, -0.7055, 0, -0.708709, 13.4745, 2.61175, 0.710324)

[node name="Node3D31" parent="LevelController" instance=ExtResource("17_mp6jf")]
transform = Transform3D(1, 0, 0, 0, 1, 0, 0, 0, 1, -1.86475, 2.61175, -8.98894)

[node name="Node3D32" parent="LevelController" instance=ExtResource("17_mp6jf")]
transform = Transform3D(0.63012, 0, 0.776497, 0, 1, 0, -0.776497, 0, 0.63012, 1.01132, 2.61175, 5.27607)

[node name="Node3D34" parent="LevelController" instance=ExtResource("17_mp6jf")]
transform = Transform3D(0.63012, 0, 0.776497, 0, 1, 0, -0.776497, 0, 0.63012, 19.6131, 2.61175, 11.9402)

[node name="Node3D35" parent="LevelController" instance=ExtResource("17_mp6jf")]
transform = Transform3D(0.63012, 0, 0.776497, 0, 1, 0, -0.776497, 0, 0.63012, 21.7975, 2.61175, 35.2667)

